 1.500000000E+002 1.500000000E+002
 1.510000000E+002 1.513342438E+002
 1.520000000E+002 1.526671143E+002
 1.530000000E+002 1.539986115E+002
 1.540000000E+002 1.553287506E+002
 1.550000000E+002 1.566575165E+002
 1.560000000E+002 1.579849243E+002
 1.570000000E+002 1.593109589E+002
 1.580000000E+002 1.606356354E+002
 1.590000000E+002 1.619589233E+002
 1.600000000E+002 1.632808533E+002
 1.610000000E+002 1.646014252E+002
 1.620000000E+002 1.659206238E+002
 1.630000000E+002 1.672384644E+002
 1.640000000E+002 1.685549164E+002
 1.650000000E+002 1.698700256E+002
 1.660000000E+002 1.711837463E+002
 1.670000000E+002 1.724961090E+002
 1.680000000E+002 1.738071136E+002
 1.690000000E+002 1.751167450E+002
 1.700000000E+002 1.764250031E+002
 1.710000000E+002 1.777319031E+002
 1.720000000E+002 1.790374146E+002
 1.730000000E+002 1.803415833E+002
 1.740000000E+002 1.816443787E+002
 1.750000000E+002 1.829458008E+002
 1.760000000E+002 1.842458649E+002
 1.770000000E+002 1.855445557E+002
 1.780000000E+002 1.868418732E+002
 1.790000000E+002 1.881378326E+002
 1.800000000E+002 1.894324188E+002
 1.810000000E+002 1.907256470E+002
 1.820000000E+002 1.920174866E+002
 1.830000000E+002 1.933079834E+002
 1.840000000E+002 1.945971069E+002
 1.850000000E+002 1.958848572E+002
 1.860000000E+002 1.971712341E+002
 1.870000000E+002 1.984562683E+002
 1.880000000E+002 1.997399292E+002
 1.890000000E+002 2.010222168E+002
 1.900000000E+002 2.023031311E+002
 1.910000000E+002 2.035826721E+002
 1.920000000E+002 2.048608704E+002
 1.930000000E+002 2.061376648E+002
 1.940000000E+002 2.074131165E+002
 1.950000000E+002 2.086871948E+002
 1.960000000E+002 2.099599304E+002
 1.970000000E+002 2.112312622E+002
 1.980000000E+002 2.125012512E+002
 1.990000000E+002 2.137698669E+002
 2.000000000E+002 2.150371094E+002
 2.010000000E+002 2.163029785E+002
 2.020000000E+002 2.175675049E+002
 2.030000000E+002 2.188306580E+002
 2.040000000E+002 2.200924072E+002
 2.050000000E+002 2.213528442E+002
 2.060000000E+002 2.226118774E+002
 2.070000000E+002 2.238695374E+002
 2.080000000E+002 2.251258545E+002
 2.090000000E+002 2.263807983E+002
 2.100000000E+002 2.276343689E+002
 2.110000000E+002 2.288865662E+002
 2.120000000E+002 2.301374207E+002
 2.130000000E+002 2.313869019E+002
 2.140000000E+002 2.326350098E+002
 2.150000000E+002 2.338817444E+002
 2.160000000E+002 2.351271057E+002
 2.170000000E+002 2.363711243E+002
 2.180000000E+002 2.376137390E+002
 2.190000000E+002 2.388550110E+002
 2.200000000E+002 2.400949097E+002
 2.210000000E+002 2.413334656E+002
 2.220000000E+002 2.425706177E+002
 2.230000000E+002 2.438064270E+002
 2.240000000E+002 2.450408630E+002
 2.250000000E+002 2.462739258E+002
 2.260000000E+002 2.475056152E+002
 2.270000000E+002 2.487359619E+002
 2.280000000E+002 2.499649048E+002
 2.290000000E+002 2.511925049E+002
 2.300000000E+002 2.524187622E+002
 2.310000000E+002 2.536436157E+002
 2.320000000E+002 2.548670959E+002
 2.330000000E+002 2.560892334E+002
 2.340000000E+002 2.573099976E+002
 2.350000000E+002 2.585293884E+002
 2.360000000E+002 2.597474060E+002
 2.370000000E+002 2.609640808E+002
 2.380000000E+002 2.621793823E+002
 2.390000000E+002 2.633933105E+002
 2.400000000E+002 2.646058655E+002
 2.410000000E+002 2.658170471E+002
 2.420000000E+002 2.670268860E+002
 2.430000000E+002 2.682353210E+002
 2.440000000E+002 2.694424133E+002
 2.450000000E+002 2.706481628E+002
 2.460000000E+002 2.718525085E+002
 2.470000000E+002 2.730554810E+002
 2.480000000E+002 2.742571106E+002
 2.490000000E+002 2.754573669E+002
 2.500000000E+002 2.766562500E+002
 2.510000000E+002 2.778537598E+002
 2.520000000E+002 2.790499268E+002
 2.530000000E+002 2.802447205E+002
 2.540000000E+002 2.814381409E+002
 2.550000000E+002 2.826301880E+002
 2.560000000E+002 2.838208618E+002
 2.570000000E+002 2.850101929E+002
 2.580000000E+002 2.861981201E+002
 2.590000000E+002 2.873847046E+002
 2.600000000E+002 2.885699158E+002
 2.610000000E+002 2.897537842E+002
 2.620000000E+002 2.909362488E+002
 2.630000000E+002 2.921173706E+002
 2.640000000E+002 2.932971191E+002
 2.650000000E+002 2.944754944E+002
 2.660000000E+002 2.956524963E+002
 2.670000000E+002 2.968281555E+002
 2.680000000E+002 2.980024109E+002
 2.690000000E+002 2.991753235E+002
 2.700000000E+002 3.003468933E+002
 2.710000000E+002 3.015170593E+002
 2.720000000E+002 3.026858521E+002
 2.730000000E+002 3.038533020E+002
 2.740000000E+002 3.050193787E+002
 2.750000000E+002 3.061840820E+002
 2.760000000E+002 3.073474121E+002
 2.770000000E+002 3.085093994E+002
 2.780000000E+002 3.096700134E+002
 2.790000000E+002 3.108292542E+002
 2.800000000E+002 3.119871216E+002
 2.810000000E+002 3.131436157E+002
 2.820000000E+002 3.142987366E+002
 2.830000000E+002 3.154525146E+002
 2.840000000E+002 3.166049194E+002
 2.850000000E+002 3.177559509E+002
 2.860000000E+002 3.189056396E+002
 2.870000000E+002 3.200539246E+002
 2.880000000E+002 3.212008667E+002
 2.890000000E+002 3.223464355E+002
 2.900000000E+002 3.234906311E+002
 2.910000000E+002 3.246334534E+002
 2.920000000E+002 3.257749329E+002
 2.930000000E+002 3.269150085E+002
 2.940000000E+002 3.280537415E+002
 2.950000000E+002 3.291911011E+002
 2.960000000E+002 3.303271179E+002
 2.970000000E+002 3.314617310E+002
 2.980000000E+002 3.325950012E+002
 2.990000000E+002 3.337268982E+002
 3.000000000E+002 3.348574219E+002
 3.010000000E+002 3.359865723E+002
 3.020000000E+002 3.371143799E+002
 3.030000000E+002 3.382408142E+002
 3.040000000E+002 3.393658447E+002
 3.050000000E+002 3.404895630E+002
 3.060000000E+002 3.416118774E+002
 3.070000000E+002 3.427328186E+002
 3.080000000E+002 3.438524170E+002
 3.090000000E+002 3.449706421E+002
 3.100000000E+002 3.460874939E+002
 3.110000000E+002 3.472030029E+002
 3.120000000E+002 3.483171082E+002
 3.130000000E+002 3.494298706E+002
 3.140000000E+002 3.505412598E+002
 3.150000000E+002 3.516512756E+002
 3.160000000E+002 3.527599182E+002
 3.170000000E+002 3.538672180E+002
 3.180000000E+002 3.549731445E+002
 3.190000000E+002 3.560776672E+002
 3.200000000E+002 3.571808472E+002
 3.210000000E+002 3.582826843E+002
 3.220000000E+002 3.593831177E+002
 3.230000000E+002 3.604822083E+002
 3.240000000E+002 3.615799255E+002
 3.250000000E+002 3.626762695E+002
 3.260000000E+002 3.637712402E+002
 3.270000000E+002 3.648648682E+002
 3.280000000E+002 3.659571228E+002
 3.290000000E+002 3.670480042E+002
 3.300000000E+002 3.681375122E+002
 3.310000000E+002 3.692256470E+002
 3.320000000E+002 3.703124084E+002
 3.330000000E+002 3.713978271E+002
 3.340000000E+002 3.724818726E+002
 3.350000000E+002 3.735645447E+002
 3.360000000E+002 3.746458740E+002
 3.370000000E+002 3.757257996E+002
 3.380000000E+002 3.768043823E+002
 3.390000000E+002 3.778815918E+002
 3.400000000E+002 3.789574280E+002
 3.410000000E+002 3.800318909E+002
 3.420000000E+002 3.811050110E+002
 3.430000000E+002 3.821767273E+002
 3.440000000E+002 3.832471008E+002
 3.450000000E+002 3.843161011E+002
 3.460000000E+002 3.853837585E+002
 3.470000000E+002 3.864500122E+002
 3.480000000E+002 3.875149231E+002
 3.490000000E+002 3.885784607E+002
 3.500000000E+002 3.896406250E+002
 3.510000000E+002 3.907014160E+002
 3.520000000E+002 3.917608643E+002
 3.530000000E+002 3.928189392E+002
 3.540000000E+002 3.938756409E+002
 3.550000000E+002 3.949309692E+002
 3.560000000E+002 3.959849243E+002
 3.570000000E+002 3.970375061E+002
 3.580000000E+002 3.980887451E+002
 3.590000000E+002 3.991386108E+002
 3.600000000E+002 4.001871033E+002
 3.610000000E+002 4.012342529E+002
 3.620000000E+002 4.022799988E+002
 3.630000000E+002 4.033244019E+002
 3.640000000E+002 4.043674316E+002
 3.650000000E+002 4.054090881E+002
 3.660000000E+002 4.064493713E+002
 3.670000000E+002 4.074883118E+002
 3.680000000E+002 4.085258484E+002
 3.690000000E+002 4.095620422E+002
 3.700000000E+002 4.105968933E+002
 3.710000000E+002 4.116303406E+002
 3.720000000E+002 4.126624146E+002
 3.730000000E+002 4.136931458E+002
 3.740000000E+002 4.147225037E+002
 3.750000000E+002 4.157504883E+002
 3.760000000E+002 4.167770996E+002
 3.770000000E+002 4.178023682E+002
 3.780000000E+002 4.188262634E+002
 3.790000000E+002 4.198487549E+002
 3.800000000E+002 4.208699341E+002
 3.810000000E+002 4.218897095E+002
 3.820000000E+002 4.229081421E+002
 3.830000000E+002 4.239251709E+002
 3.840000000E+002 4.249408569E+002
 3.850000000E+002 4.259551697E+002
 3.860000000E+002 4.269681396E+002
 3.870000000E+002 4.279797058E+002
 3.880000000E+002 4.289899292E+002
 3.890000000E+002 4.299987793E+002
 3.900000000E+002 4.310062561E+002
 3.910000000E+002 4.320123596E+002
 3.920000000E+002 4.330171204E+002
 3.930000000E+002 4.340204773E+002
 3.940000000E+002 4.350224915E+002
 3.950000000E+002 4.360231628E+002
 3.960000000E+002 4.370224304E+002
 3.970000000E+002 4.380203247E+002
 3.980000000E+002 4.390168762E+002
 3.990000000E+002 4.400120544E+002
 4.000000000E+002 4.410058594E+002
 4.010000000E+002 4.419982910E+002
 4.020000000E+002 4.429893799E+002
 4.030000000E+002 4.439790649E+002
 4.040000000E+002 4.449674072E+002
 4.050000000E+002 4.459544067E+002
 4.060000000E+002 4.469400024E+002
 4.070000000E+002 4.479242554E+002
 4.080000000E+002 4.489071045E+002
 4.090000000E+002 4.498886108E+002
 4.100000000E+002 4.508687744E+002
 4.110000000E+002 4.518475342E+002
 4.120000000E+002 4.528248901E+002
 4.130000000E+002 4.538009644E+002
 4.140000000E+002 4.547756348E+002
 4.150000000E+002 4.557489014E+002
 4.160000000E+002 4.567208862E+002
 4.170000000E+002 4.576914063E+002
 4.180000000E+002 4.586606445E+002
 4.190000000E+002 4.596284790E+002
 4.200000000E+002 4.605949097E+002
 4.210000000E+002 4.615599976E+002
 4.220000000E+002 4.625237427E+002
 4.230000000E+002 4.634860840E+002
 4.240000000E+002 4.644470825E+002
 4.250000000E+002 4.654067383E+002
 4.260000000E+002 4.663649902E+002
 4.270000000E+002 4.673218994E+002
 4.280000000E+002 4.682774048E+002
 4.290000000E+002 4.692315674E+002
 4.300000000E+002 4.701843872E+002
 4.310000000E+002 4.711358032E+002
 4.320000000E+002 4.720858765E+002
 4.330000000E+002 4.730345459E+002
 4.340000000E+002 4.739818726E+002
 4.350000000E+002 4.749278564E+002
 4.360000000E+002 4.758724365E+002
 4.370000000E+002 4.768156738E+002
 4.380000000E+002 4.777575073E+002
 4.390000000E+002 4.786979980E+002
 4.400000000E+002 4.796370850E+002
 4.410000000E+002 4.805748291E+002
 4.420000000E+002 4.815112305E+002
 4.430000000E+002 4.824462891E+002
 4.440000000E+002 4.833799438E+002
 4.450000000E+002 4.843121948E+002
 4.460000000E+002 4.852431030E+002
 4.470000000E+002 4.861726685E+002
 4.480000000E+002 4.871008301E+002
 4.490000000E+002 4.880276489E+002
 4.500000000E+002 4.889531250E+002
 4.510000000E+002 4.898771973E+002
 4.520000000E+002 4.907999268E+002
 4.530000000E+002 4.917212524E+002
 4.540000000E+002 4.926412354E+002
 4.550000000E+002 4.935598755E+002
 4.560000000E+002 4.944771118E+002
 4.570000000E+002 4.953930054E+002
 4.580000000E+002 4.963074951E+002
 4.590000000E+002 4.972206421E+002
 4.600000000E+002 4.981324463E+002
 4.610000000E+002 4.990428467E+002
 4.620000000E+002 4.999519043E+002
 4.630000000E+002 5.008595581E+002
 4.640000000E+002 5.017658691E+002
 4.650000000E+002 5.026707764E+002
 4.660000000E+002 5.035744019E+002
 4.670000000E+002 5.044765625E+002
 4.680000000E+002 5.053774414E+002
 4.690000000E+002 5.062769165E+002
 4.700000000E+002 5.071749878E+002
 4.710000000E+002 5.080717163E+002
 4.720000000E+002 5.089671021E+002
 4.730000000E+002 5.098610840E+002
 4.740000000E+002 5.107537231E+002
 4.750000000E+002 5.116450195E+002
 4.760000000E+002 5.125349121E+002
 4.770000000E+002 5.134234619E+002
 4.780000000E+002 5.143106079E+002
 4.790000000E+002 5.151964111E+002
 4.800000000E+002 5.160808716E+002
 4.810000000E+002 5.169639282E+002
 4.820000000E+002 5.178456421E+002
 4.830000000E+002 5.187259521E+002
 4.840000000E+002 5.196049194E+002
 4.850000000E+002 5.204825439E+002
 4.860000000E+002 5.213587646E+002
 4.870000000E+002 5.222335815E+002
 4.880000000E+002 5.231071167E+002
 4.890000000E+002 5.239792480E+002
 4.900000000E+002 5.248499756E+002
 4.910000000E+002 5.257194214E+002
 4.920000000E+002 5.265874023E+002
 4.930000000E+002 5.274541016E+002
 4.940000000E+002 5.283193970E+002
 4.950000000E+002 5.291832886E+002
 4.960000000E+002 5.300458374E+002
 4.970000000E+002 5.309070435E+002
 4.980000000E+002 5.317669067E+002
 4.990000000E+002 5.326253052E+002
 5.000000000E+002 5.334824219E+002
 5.010000000E+002 5.343381348E+002
 5.020000000E+002 5.351925049E+002
 5.030000000E+002 5.360454712E+002
 5.040000000E+002 5.368970947E+002
 5.050000000E+002 5.377473755E+002
 5.060000000E+002 5.385962524E+002
 5.070000000E+002 5.394437866E+002
 5.080000000E+002 5.402899170E+002
 5.090000000E+002 5.411347046E+002
 5.100000000E+002 5.419781494E+002
 5.110000000E+002 5.428201904E+002
 5.120000000E+002 5.436608887E+002
 5.130000000E+002 5.445001831E+002
 5.140000000E+002 5.453381348E+002
 5.150000000E+002 5.461746826E+002
 5.160000000E+002 5.470099487E+002
 5.170000000E+002 5.478437500E+002
 5.180000000E+002 5.486762695E+002
 5.190000000E+002 5.495073853E+002
 5.200000000E+002 5.503370972E+002
 5.210000000E+002 5.511654663E+002
 5.220000000E+002 5.519924927E+002
 5.230000000E+002 5.528181763E+002
 5.240000000E+002 5.536423950E+002
 5.250000000E+002 5.544653320E+002
 5.260000000E+002 5.552868652E+002
 5.270000000E+002 5.561070557E+002
 5.280000000E+002 5.569258423E+002
 5.290000000E+002 5.577432861E+002
 5.300000000E+002 5.585593872E+002
 5.310000000E+002 5.593740845E+002
 5.320000000E+002 5.601874390E+002
 5.330000000E+002 5.609993896E+002
 5.340000000E+002 5.618099976E+002
 5.350000000E+002 5.626192627E+002
 5.360000000E+002 5.634271240E+002
 5.370000000E+002 5.642335815E+002
 5.380000000E+002 5.650387573E+002
 5.390000000E+002 5.658425293E+002
 5.400000000E+002 5.666448975E+002
 5.410000000E+002 5.674459839E+002
 5.420000000E+002 5.682456055E+002
 5.430000000E+002 5.690439453E+002
 5.440000000E+002 5.698408813E+002
 5.450000000E+002 5.706364136E+002
 5.460000000E+002 5.714306030E+002
 5.470000000E+002 5.722234497E+002
 5.480000000E+002 5.730148926E+002
 5.490000000E+002 5.738049927E+002
 5.500000000E+002 5.745937500E+002
 5.510000000E+002 5.753811035E+002
 5.520000000E+002 5.761671143E+002
 5.530000000E+002 5.769517212E+002
 5.540000000E+002 5.777349854E+002
 5.550000000E+002 5.785169067E+002
 5.560000000E+002 5.792974243E+002
 5.570000000E+002 5.800765991E+002
 5.580000000E+002 5.808543701E+002
 5.590000000E+002 5.816307983E+002
 5.600000000E+002 5.824058838E+002
 5.610000000E+002 5.831795654E+002
 5.620000000E+002 5.839519043E+002
 5.630000000E+002 5.847228394E+002
 5.640000000E+002 5.854924316E+002
 5.650000000E+002 5.862606201E+002
 5.660000000E+002 5.870275269E+002
 5.670000000E+002 5.877929688E+002
 5.680000000E+002 5.885571289E+002
 5.690000000E+002 5.893198853E+002
 5.700000000E+002 5.900812378E+002
 5.710000000E+002 5.908412476E+002
 5.720000000E+002 5.915999146E+002
 5.730000000E+002 5.923572388E+002
 5.740000000E+002 5.931131592E+002
 5.750000000E+002 5.938676758E+002
 5.760000000E+002 5.946208496E+002
 5.770000000E+002 5.953726807E+002
 5.780000000E+002 5.961231079E+002
 5.790000000E+002 5.968721924E+002
 5.800000000E+002 5.976199341E+002
 5.810000000E+002 5.983662720E+002
 5.820000000E+002 5.991112671E+002
 5.830000000E+002 5.998548584E+002
 5.840000000E+002 6.005971069E+002
 5.850000000E+002 6.013380127E+002
 5.860000000E+002 6.020775146E+002
 5.870000000E+002 6.028156738E+002
 5.880000000E+002 6.035524292E+002
 5.890000000E+002 6.042878418E+002
 5.900000000E+002 6.050218506E+002
 5.910000000E+002 6.057545776E+002
 5.920000000E+002 6.064858398E+002
 5.930000000E+002 6.072158203E+002
 5.940000000E+002 6.079443970E+002
 5.950000000E+002 6.086715698E+002
 5.960000000E+002 6.093973999E+002
 5.970000000E+002 6.101218872E+002
 5.980000000E+002 6.108449707E+002
 5.990000000E+002 6.115667114E+002
 6.000000000E+002 6.122871094E+002
 6.010000000E+002 6.130061035E+002
 6.020000000E+002 6.137237549E+002
 6.030000000E+002 6.144400024E+002
 6.040000000E+002 6.151549072E+002
 6.050000000E+002 6.158684692E+002
 6.060000000E+002 6.165806274E+002
 6.070000000E+002 6.172914429E+002
 6.080000000E+002 6.180008545E+002
 6.090000000E+002 6.187089233E+002
 6.100000000E+002 6.194156494E+002
 6.110000000E+002 6.201209717E+002
 6.120000000E+002 6.208248901E+002
 6.130000000E+002 6.215275269E+002
 6.140000000E+002 6.222287598E+002
 6.150000000E+002 6.229285889E+002
 6.160000000E+002 6.236271362E+002
 6.170000000E+002 6.243242188E+002
 6.180000000E+002 6.250200195E+002
 6.190000000E+002 6.257144165E+002
 6.200000000E+002 6.264074097E+002
 6.210000000E+002 6.270990601E+002
 6.220000000E+002 6.277893677E+002
 6.230000000E+002 6.284782715E+002
 6.240000000E+002 6.291658325E+002
 6.250000000E+002 6.298520508E+002
 6.260000000E+002 6.305368652E+002
 6.270000000E+002 6.312203369E+002
 6.280000000E+002 6.319024048E+002
 6.290000000E+002 6.325831299E+002
 6.300000000E+002 6.332625122E+002
 6.310000000E+002 6.339404907E+002
 6.320000000E+002 6.346171265E+002
 6.330000000E+002 6.352923584E+002
 6.340000000E+002 6.359662476E+002
 6.350000000E+002 6.366387939E+002
 6.360000000E+002 6.373099365E+002
 6.370000000E+002 6.379797363E+002
 6.380000000E+002 6.386481323E+002
 6.390000000E+002 6.393151855E+002
 6.400000000E+002 6.399808350E+002
 6.410000000E+002 6.406452026E+002
 6.420000000E+002 6.413081055E+002
 6.430000000E+002 6.419697266E+002
 6.440000000E+002 6.426299438E+002
 6.450000000E+002 6.432887573E+002
 6.460000000E+002 6.439462280E+002
 6.470000000E+002 6.446023560E+002
 6.480000000E+002 6.452570801E+002
 6.490000000E+002 6.459104614E+002
 6.500000000E+002 6.465625000E+002
 6.510000000E+002 6.472131348E+002
 6.520000000E+002 6.478624268E+002
 6.530000000E+002 6.485103149E+002
 6.540000000E+002 6.491568604E+002
 6.550000000E+002 6.498020630E+002
 6.560000000E+002 6.504458618E+002
 6.570000000E+002 6.510883179E+002
 6.580000000E+002 6.517293701E+002
 6.590000000E+002 6.523690796E+002
 6.600000000E+002 6.530074463E+002
 6.610000000E+002 6.536444092E+002
 6.620000000E+002 6.542800293E+002
 6.630000000E+002 6.549142456E+002
 6.640000000E+002 6.555471191E+002
 6.650000000E+002 6.561785889E+002
 6.660000000E+002 6.568087769E+002
 6.670000000E+002 6.574375000E+002
 6.680000000E+002 6.580649414E+002
 6.690000000E+002 6.586909790E+002
 6.700000000E+002 6.593156128E+002
 6.710000000E+002 6.599389038E+002
 6.720000000E+002 6.605608521E+002
 6.730000000E+002 6.611814575E+002
 6.740000000E+002 6.618006592E+002
 6.750000000E+002 6.624184570E+002
 6.760000000E+002 6.630349121E+002
 6.770000000E+002 6.636500244E+002
 6.780000000E+002 6.642637329E+002
 6.790000000E+002 6.648760986E+002
 6.800000000E+002 6.654871216E+002
 6.810000000E+002 6.660967407E+002
 6.820000000E+002 6.667050171E+002
 6.830000000E+002 6.673118896E+002
 6.840000000E+002 6.679174194E+002
 6.850000000E+002 6.685216064E+002
 6.860000000E+002 6.691243896E+002
 6.870000000E+002 6.697257690E+002
 6.880000000E+002 6.703258667E+002
 6.890000000E+002 6.709245605E+002
 6.900000000E+002 6.715218506E+002
 6.910000000E+002 6.721178589E+002
 6.920000000E+002 6.727124023E+002
 6.930000000E+002 6.733056641E+002
 6.940000000E+002 6.738975220E+002
 6.950000000E+002 6.744879761E+002
 6.960000000E+002 6.750770874E+002
 6.970000000E+002 6.756648560E+002
 6.980000000E+002 6.762512207E+002
 6.990000000E+002 6.768362427E+002
 7.000000000E+002 6.774199219E+002
 7.010000000E+002 6.780021973E+002
 7.020000000E+002 6.785831299E+002
 7.030000000E+002 6.791626587E+002
 7.040000000E+002 6.797408447E+002
 7.050000000E+002 6.803176880E+002
 7.060000000E+002 6.808931274E+002
 7.070000000E+002 6.814672241E+002
 7.080000000E+002 6.820399170E+002
 7.090000000E+002 6.826112671E+002
 7.100000000E+002 6.831812744E+002
 7.110000000E+002 6.837498779E+002
 7.120000000E+002 6.843171387E+002
 7.130000000E+002 6.848829956E+002
 7.140000000E+002 6.854475098E+002
 7.150000000E+002 6.860106201E+002
 7.160000000E+002 6.865724487E+002
 7.170000000E+002 6.871328125E+002
 7.180000000E+002 6.876918945E+002
 7.190000000E+002 6.882495728E+002
 7.200000000E+002 6.888058472E+002
 7.210000000E+002 6.893607788E+002
 7.220000000E+002 6.899143677E+002
 7.230000000E+002 6.904665527E+002
 7.240000000E+002 6.910173950E+002
 7.250000000E+002 6.915668945E+002
 7.260000000E+002 6.921149902E+002
 7.270000000E+002 6.926617432E+002
 7.280000000E+002 6.932070923E+002
 7.290000000E+002 6.937510986E+002
 7.300000000E+002 6.942937622E+002
 7.310000000E+002 6.948350220E+002
 7.320000000E+002 6.953749390E+002
 7.330000000E+002 6.959134521E+002
 7.340000000E+002 6.964506226E+002
 7.350000000E+002 6.969864502E+002
 7.360000000E+002 6.975208740E+002
 7.370000000E+002 6.980539551E+002
 7.380000000E+002 6.985856323E+002
 7.390000000E+002 6.991159668E+002
 7.400000000E+002 6.996448975E+002
 7.410000000E+002 7.001725464E+002
 7.420000000E+002 7.006987305E+002
 7.430000000E+002 7.012236328E+002
 7.440000000E+002 7.017471313E+002
 7.450000000E+002 7.022692261E+002
 7.460000000E+002 7.027899780E+002
 7.470000000E+002 7.033093872E+002
 7.480000000E+002 7.038273926E+002
 7.490000000E+002 7.043440552E+002
 7.500000000E+002 7.048593750E+002
 7.510000000E+002 7.053732910E+002
 7.520000000E+002 7.058858643E+002
 7.530000000E+002 7.063970337E+002
 7.540000000E+002 7.069068604E+002
 7.550000000E+002 7.074153442E+002
 7.560000000E+002 7.079224243E+002
 7.570000000E+002 7.084281616E+002
 7.580000000E+002 7.089324951E+002
 7.590000000E+002 7.094354858E+002
 7.600000000E+002 7.099371338E+002
 7.610000000E+002 7.104373779E+002
 7.620000000E+002 7.109362793E+002
 7.630000000E+002 7.114337769E+002
 7.640000000E+002 7.119299316E+002
 7.650000000E+002 7.124246826E+002
 7.660000000E+002 7.129181519E+002
 7.670000000E+002 7.134101563E+002
 7.680000000E+002 7.139008789E+002
 7.690000000E+002 7.143901978E+002
 7.700000000E+002 7.148781128E+002
 7.710000000E+002 7.153646851E+002
 7.720000000E+002 7.158499146E+002
 7.730000000E+002 7.163337402E+002
 7.740000000E+002 7.168162231E+002
 7.750000000E+002 7.172973633E+002
 7.760000000E+002 7.177770996E+002
 7.770000000E+002 7.182554932E+002
 7.780000000E+002 7.187324829E+002
 7.790000000E+002 7.192081299E+002
 7.800000000E+002 7.196824341E+002
 7.810000000E+002 7.201553345E+002
 7.820000000E+002 7.206268921E+002
 7.830000000E+002 7.210970459E+002
 7.840000000E+002 7.215658569E+002
 7.850000000E+002 7.220333252E+002
 7.860000000E+002 7.224993896E+002
 7.870000000E+002 7.229640503E+002
 7.880000000E+002 7.234274292E+002
 7.890000000E+002 7.238894043E+002
 7.900000000E+002 7.243499756E+002
 7.910000000E+002 7.248092651E+002
 7.920000000E+002 7.252670898E+002
 7.930000000E+002 7.257236328E+002
 7.940000000E+002 7.261787720E+002
 7.950000000E+002 7.266325073E+002
 7.960000000E+002 7.270848999E+002
 7.970000000E+002 7.275359497E+002
 7.980000000E+002 7.279856567E+002
 7.990000000E+002 7.284338989E+002
 8.000000000E+002 7.288808594E+002
 8.010000000E+002 7.293264160E+002
 8.020000000E+002 7.297706299E+002
 8.030000000E+002 7.302134399E+002
 8.040000000E+002 7.306549072E+002
 8.050000000E+002 7.310950317E+002
 8.060000000E+002 7.315337524E+002
 8.070000000E+002 7.319711304E+002
 8.080000000E+002 7.324071045E+002
 8.090000000E+002 7.328417358E+002
 8.100000000E+002 7.332750244E+002
 8.110000000E+002 7.337069092E+002
 8.120000000E+002 7.341373901E+002
 8.130000000E+002 7.345665894E+002
 8.140000000E+002 7.349943848E+002
 8.150000000E+002 7.354207764E+002
 8.160000000E+002 7.358458862E+002
 8.170000000E+002 7.362695313E+002
 8.180000000E+002 7.366918945E+002
 8.190000000E+002 7.371128540E+002
 8.200000000E+002 7.375324097E+002
 8.210000000E+002 7.379506226E+002
 8.220000000E+002 7.383674927E+002
 8.230000000E+002 7.387829590E+002
 8.240000000E+002 7.391970825E+002
 8.250000000E+002 7.396098633E+002
 8.260000000E+002 7.400212402E+002
 8.270000000E+002 7.404312744E+002
 8.280000000E+002 7.408399048E+002
 8.290000000E+002 7.412471924E+002
 8.300000000E+002 7.416531372E+002
 8.310000000E+002 7.420576782E+002
 8.320000000E+002 7.424608765E+002
 8.330000000E+002 7.428626709E+002
 8.340000000E+002 7.432631226E+002
 8.350000000E+002 7.436622314E+002
 8.360000000E+002 7.440599365E+002
 8.370000000E+002 7.444562988E+002
 8.380000000E+002 7.448512573E+002
 8.390000000E+002 7.452448730E+002
 8.400000000E+002 7.456370850E+002
 8.410000000E+002 7.460280151E+002
 8.420000000E+002 7.464174805E+002
 8.430000000E+002 7.468056641E+002
 8.440000000E+002 7.471924438E+002
 8.450000000E+002 7.475778198E+002
 8.460000000E+002 7.479618530E+002
 8.470000000E+002 7.483445435E+002
 8.480000000E+002 7.487258301E+002
 8.490000000E+002 7.491057739E+002
 8.500000000E+002 7.494843750E+002
 8.510000000E+002 7.498615723E+002
 8.520000000E+002 7.502374268E+002
 8.530000000E+002 7.506118774E+002
 8.540000000E+002 7.509849854E+002
 8.550000000E+002 7.513567505E+002
 8.560000000E+002 7.517271118E+002
 8.570000000E+002 7.520961304E+002
 8.580000000E+002 7.524637451E+002
 8.590000000E+002 7.528300171E+002
 8.600000000E+002 7.531949463E+002
 8.610000000E+002 7.535584717E+002
 8.620000000E+002 7.539206543E+002
 8.630000000E+002 7.542814331E+002
 8.640000000E+002 7.546408691E+002
 8.650000000E+002 7.549989014E+002
 8.660000000E+002 7.553556519E+002
 8.670000000E+002 7.557109375E+002
 8.680000000E+002 7.560649414E+002
 8.690000000E+002 7.564175415E+002
 8.700000000E+002 7.567687378E+002
 8.710000000E+002 7.571185913E+002
 8.720000000E+002 7.574671021E+002
 8.730000000E+002 7.578142090E+002
 8.740000000E+002 7.581599731E+002
 8.750000000E+002 7.585043945E+002
 8.760000000E+002 7.588474121E+002
 8.770000000E+002 7.591890869E+002
 8.780000000E+002 7.595293579E+002
 8.790000000E+002 7.598682861E+002
 8.800000000E+002 7.602058716E+002
 8.810000000E+002 7.605420532E+002
 8.820000000E+002 7.608768921E+002
 8.830000000E+002 7.612103271E+002
 8.840000000E+002 7.615424194E+002
 8.850000000E+002 7.618731689E+002
 8.860000000E+002 7.622025146E+002
 8.870000000E+002 7.625305176E+002
 8.880000000E+002 7.628571167E+002
 8.890000000E+002 7.631823730E+002
 8.900000000E+002 7.635062256E+002
 8.910000000E+002 7.638287964E+002
 8.920000000E+002 7.641499023E+002
 8.930000000E+002 7.644697266E+002
 8.940000000E+002 7.647881470E+002
 8.950000000E+002 7.651051636E+002
 8.960000000E+002 7.654208374E+002
 8.970000000E+002 7.657351685E+002
 8.980000000E+002 7.660481567E+002
 8.990000000E+002 7.663596802E+002
 9.000000000E+002 7.666699219E+002
 9.010000000E+002 7.669787598E+002
 9.020000000E+002 7.672862549E+002
 9.030000000E+002 7.675923462E+002
 9.040000000E+002 7.678970947E+002
 9.050000000E+002 7.682005005E+002
 9.060000000E+002 7.685025024E+002
 9.070000000E+002 7.688031616E+002
 9.080000000E+002 7.691024170E+002
 9.090000000E+002 7.694003296E+002
 9.100000000E+002 7.696968994E+002
 9.110000000E+002 7.699920654E+002
 9.120000000E+002 7.702858887E+002
 9.130000000E+002 7.705783081E+002
 9.140000000E+002 7.708693848E+002
 9.150000000E+002 7.711590576E+002
 9.160000000E+002 7.714474487E+002
 9.170000000E+002 7.717343750E+002
 9.180000000E+002 7.720200195E+002
 9.190000000E+002 7.723042603E+002
 9.200000000E+002 7.725870972E+002
 9.210000000E+002 7.728685913E+002
 9.220000000E+002 7.731487427E+002
 9.230000000E+002 7.734274902E+002
 9.240000000E+002 7.737048950E+002
 9.250000000E+002 7.739809570E+002
 9.260000000E+002 7.742556152E+002
 9.270000000E+002 7.745289307E+002
 9.280000000E+002 7.748008423E+002
 9.290000000E+002 7.750714111E+002
 9.300000000E+002 7.753406372E+002
 9.310000000E+002 7.756084595E+002
 9.320000000E+002 7.758749390E+002
 9.330000000E+002 7.761400146E+002
 9.340000000E+002 7.764037476E+002
 9.350000000E+002 7.766661377E+002
 9.360000000E+002 7.769271240E+002
 9.370000000E+002 7.771867676E+002
 9.380000000E+002 7.774450073E+002
 9.390000000E+002 7.777019043E+002
 9.400000000E+002 7.779573975E+002
 9.410000000E+002 7.782116089E+002
 9.420000000E+002 7.784643555E+002
 9.430000000E+002 7.787158203E+002
 9.440000000E+002 7.789658813E+002
 9.450000000E+002 7.792145386E+002
 9.460000000E+002 7.794618530E+002
 9.470000000E+002 7.797078247E+002
 9.480000000E+002 7.799523926E+002
 9.490000000E+002 7.801956787E+002
 9.500000000E+002 7.804375000E+002
 9.510000000E+002 7.806779785E+002
 9.520000000E+002 7.809171143E+002
 9.530000000E+002 7.811548462E+002
 9.540000000E+002 7.813912354E+002
 9.550000000E+002 7.816262817E+002
 9.560000000E+002 7.818599243E+002
 9.570000000E+002 7.820922241E+002
 9.580000000E+002 7.823231201E+002
 9.590000000E+002 7.825526733E+002
 9.600000000E+002 7.827808838E+002
 9.610000000E+002 7.830076904E+002
 9.620000000E+002 7.832331543E+002
 9.630000000E+002 7.834572144E+002
 9.640000000E+002 7.836799316E+002
 9.650000000E+002 7.839012451E+002
 9.660000000E+002 7.841212769E+002
 9.670000000E+002 7.843398438E+002
 9.680000000E+002 7.845571289E+002
 9.690000000E+002 7.847730103E+002
 9.700000000E+002 7.849874878E+002
 9.710000000E+002 7.852006226E+002
 9.720000000E+002 7.854124146E+002
 9.730000000E+002 7.856228027E+002
 9.740000000E+002 7.858319092E+002
 9.750000000E+002 7.860395508E+002
 9.760000000E+002 7.862458496E+002
 9.770000000E+002 7.864508057E+002
 9.780000000E+002 7.866543579E+002
 9.790000000E+002 7.868565674E+002
 9.800000000E+002 7.870574341E+002
 9.810000000E+002 7.872568970E+002
 9.820000000E+002 7.874550171E+002
 9.830000000E+002 7.876517334E+002
 9.840000000E+002 7.878471069E+002
 9.850000000E+002 7.880411377E+002
 9.860000000E+002 7.882337646E+002
 9.870000000E+002 7.884250488E+002
 9.880000000E+002 7.886149292E+002
 9.890000000E+002 7.888034668E+002
 9.900000000E+002 7.889906006E+002
 9.910000000E+002 7.891764526E+002
 9.920000000E+002 7.893608398E+002
 9.930000000E+002 7.895439453E+002
 9.940000000E+002 7.897256470E+002
 9.950000000E+002 7.899059448E+002
 9.960000000E+002 7.900848999E+002
 9.970000000E+002 7.902625122E+002
 9.980000000E+002 7.904387207E+002
 9.990000000E+002 7.906135864E+002
 1.000000000E+003 7.907871094E+002
 1.001000000E+003 7.909592285E+002
 1.002000000E+003 7.911300049E+002
 1.003000000E+003 7.912993774E+002
 1.004000000E+003 7.914674072E+002
 1.005000000E+003 7.916340942E+002
 1.006000000E+003 7.917993774E+002
 1.007000000E+003 7.919633179E+002
 1.008000000E+003 7.921258545E+002
 1.009000000E+003 7.922870483E+002
 1.010000000E+003 7.924468994E+002
 1.011000000E+003 7.926053467E+002
 1.012000000E+003 7.927623901E+002
 1.013000000E+003 7.929181519E+002
 1.014000000E+003 7.930725098E+002
 1.015000000E+003 7.932254639E+002
 1.016000000E+003 7.933771362E+002
 1.017000000E+003 7.935273438E+002
 1.018000000E+003 7.936762695E+002
 1.019000000E+003 7.938237915E+002
 1.020000000E+003 7.939699097E+002
 1.021000000E+003 7.941146851E+002
 1.022000000E+003 7.942581177E+002
 1.023000000E+003 7.944002075E+002
 1.024000000E+003 7.945408325E+002
 1.025000000E+003 7.946801758E+002
 1.026000000E+003 7.948181152E+002
 1.027000000E+003 7.949547119E+002
 1.028000000E+003 7.950899048E+002
 1.029000000E+003 7.952237549E+002
 1.030000000E+003 7.953562622E+002
 1.031000000E+003 7.954873657E+002
 1.032000000E+003 7.956171265E+002
 1.033000000E+003 7.957454834E+002
 1.034000000E+003 7.958724976E+002
 1.035000000E+003 7.959981689E+002
 1.036000000E+003 7.961224365E+002
 1.037000000E+003 7.962453003E+002
 1.038000000E+003 7.963668823E+002
 1.039000000E+003 7.964870605E+002
 1.040000000E+003 7.966058350E+002
 1.041000000E+003 7.967233276E+002
 1.042000000E+003 7.968393555E+002
 1.043000000E+003 7.969541016E+002
 1.044000000E+003 7.970674438E+002
 1.045000000E+003 7.971793823E+002
 1.046000000E+003 7.972899780E+002
 1.047000000E+003 7.973992310E+002
 1.048000000E+003 7.975070801E+002
 1.049000000E+003 7.976135864E+002
 1.050000000E+003 7.977187500E+002
 1.051000000E+003 7.978225098E+002
 1.052000000E+003 7.979249268E+002
 1.053000000E+003 7.980259399E+002
 1.054000000E+003 7.981256104E+002
 1.055000000E+003 7.982239380E+002
 1.056000000E+003 7.983208618E+002
 1.057000000E+003 7.984164429E+002
 1.058000000E+003 7.985106201E+002
 1.059000000E+003 7.986034546E+002
 1.060000000E+003 7.986949463E+002
 1.061000000E+003 7.987850342E+002
 1.062000000E+003 7.988737793E+002
 1.063000000E+003 7.989611206E+002
 1.064000000E+003 7.990471191E+002
 1.065000000E+003 7.991317139E+002
 1.066000000E+003 7.992150269E+002
 1.067000000E+003 7.992968750E+002
 1.068000000E+003 7.993774414E+002
 1.069000000E+003 7.994566040E+002
 1.070000000E+003 7.995343628E+002
 1.071000000E+003 7.996107788E+002
 1.072000000E+003 7.996858521E+002
 1.073000000E+003 7.997595215E+002
 1.074000000E+003 7.998319092E+002
 1.075000000E+003 7.999028320E+002
 1.076000000E+003 7.999724121E+002
 1.077000000E+003 8.000406494E+002
 1.078000000E+003 8.001074829E+002
 1.079000000E+003 8.001729736E+002
 1.080000000E+003 8.002371216E+002
 1.081000000E+003 8.002998657E+002
 1.082000000E+003 8.003612671E+002
 1.083000000E+003 8.004212646E+002
 1.084000000E+003 8.004799194E+002
 1.085000000E+003 8.005372314E+002
 1.086000000E+003 8.005931396E+002
 1.087000000E+003 8.006477051E+002
 1.088000000E+003 8.007008667E+002
 1.089000000E+003 8.007526855E+002
 1.090000000E+003 8.008031006E+002
 1.091000000E+003 8.008522339E+002
 1.092000000E+003 8.008999023E+002
 1.093000000E+003 8.009462891E+002
 1.094000000E+003 8.009912720E+002
 1.095000000E+003 8.010348511E+002
 1.096000000E+003 8.010770874E+002
 1.097000000E+003 8.011179810E+002
 1.098000000E+003 8.011574707E+002
 1.099000000E+003 8.011956787E+002
 1.100000000E+003 8.012324219E+002
 1.101000000E+003 8.012678223E+002
 1.102000000E+003 8.013018799E+002
 1.103000000E+003 8.013345337E+002
 1.104000000E+003 8.013658447E+002
 1.105000000E+003 8.013958130E+002
 1.106000000E+003 8.014243774E+002
 1.107000000E+003 8.014515991E+002
 1.108000000E+003 8.014774170E+002
 1.109000000E+003 8.015018921E+002
 1.110000000E+003 8.015250244E+002
 1.111000000E+003 8.015467529E+002
 1.112000000E+003 8.015671387E+002
 1.113000000E+003 8.015861206E+002
 1.114000000E+003 8.016037598E+002
 1.115000000E+003 8.016199951E+002
 1.116000000E+003 8.016349487E+002
 1.117000000E+003 8.016484375E+002
 1.118000000E+003 8.016606445E+002
 1.119000000E+003 8.016714478E+002
 1.120000000E+003 8.016808472E+002
 1.121000000E+003 8.016889038E+002
 1.122000000E+003 8.016956177E+002
 1.123000000E+003 8.017009888E+002
 1.124000000E+003 8.017048950E+002
 1.125000000E+003 8.017075195E+002
 1.126000000E+003 8.017087402E+002
 1.127000000E+003 8.017086182E+002
 1.128000000E+003 8.017070923E+002
 1.129000000E+003 8.017042236E+002
 1.130000000E+003 8.017000122E+002
 1.131000000E+003 8.016943970E+002
 1.132000000E+003 8.016874390E+002
 1.133000000E+003 8.016790771E+002
 1.134000000E+003 8.016693726E+002
 1.135000000E+003 8.016583252E+002
 1.136000000E+003 8.016458740E+002
 1.137000000E+003 8.016320190E+002
 1.138000000E+003 8.016168823E+002
 1.139000000E+003 8.016003418E+002
 1.140000000E+003 8.015823975E+002
 1.141000000E+003 8.015631714E+002
 1.142000000E+003 8.015424805E+002
 1.143000000E+003 8.015205078E+002
 1.144000000E+003 8.014971313E+002
 1.145000000E+003 8.014723511E+002
 1.146000000E+003 8.014462280E+002
 1.147000000E+003 8.014187622E+002
 1.148000000E+003 8.013898926E+002
 1.149000000E+003 8.013596802E+002
 1.150000000E+003 8.013281250E+002
 1.151000000E+003 8.012951660E+002
 1.152000000E+003 8.012608643E+002
 1.153000000E+003 8.012251587E+002
 1.154000000E+003 8.011881104E+002
 1.155000000E+003 8.011497192E+002
 1.156000000E+003 8.011099243E+002
 1.157000000E+003 8.010687866E+002
 1.158000000E+003 8.010262451E+002
 1.159000000E+003 8.009823608E+002
 1.160000000E+003 8.009371338E+002
 1.161000000E+003 8.008905029E+002
 1.162000000E+003 8.008425293E+002
 1.163000000E+003 8.007931519E+002
 1.164000000E+003 8.007424316E+002
 1.165000000E+003 8.006903076E+002
 1.166000000E+003 8.006369019E+002
 1.167000000E+003 8.005820313E+002
 1.168000000E+003 8.005258789E+002
 1.169000000E+003 8.004683228E+002
 1.170000000E+003 8.004093628E+002
 1.171000000E+003 8.003490601E+002
 1.172000000E+003 8.002874146E+002
 1.173000000E+003 8.002244263E+002
 1.174000000E+003 8.001599731E+002
 1.175000000E+003 8.000942383E+002
 1.176000000E+003 8.000270996E+002
 1.177000000E+003 7.999586182E+002
 1.178000000E+003 7.998887329E+002
 1.179000000E+003 7.998175049E+002
 1.180000000E+003 7.997449341E+002
 1.181000000E+003 7.996709595E+002
 1.182000000E+003 7.995956421E+002
 1.183000000E+003 7.995189209E+002
 1.184000000E+003 7.994408569E+002
 1.185000000E+003 7.993614502E+002
 1.186000000E+003 7.992806396E+002
 1.187000000E+003 7.991984863E+002
 1.188000000E+003 7.991149292E+002
 1.189000000E+003 7.990300293E+002
 1.190000000E+003 7.989437256E+002
 1.191000000E+003 7.988560791E+002
 1.192000000E+003 7.987670898E+002
 1.193000000E+003 7.986767578E+002
 1.194000000E+003 7.985850220E+002
 1.195000000E+003 7.984918823E+002
 1.196000000E+003 7.983973999E+002
 1.197000000E+003 7.983015747E+002
 1.198000000E+003 7.982044067E+002
 1.199000000E+003 7.981057739E+002
 1.200000000E+003 7.980058594E+002
 1.201000000E+003 7.979045410E+002
 1.202000000E+003 7.978018799E+002
 1.203000000E+003 7.976978149E+002
 1.204000000E+003 7.975924072E+002
 1.205000000E+003 7.974856567E+002
 1.206000000E+003 7.973775024E+002
 1.207000000E+003 7.972680054E+002
 1.208000000E+003 7.971571045E+002
 1.209000000E+003 7.970448608E+002
 1.210000000E+003 7.969312744E+002
 1.211000000E+003 7.968162842E+002
 1.212000000E+003 7.966998901E+002
 1.213000000E+003 7.965822144E+002
 1.214000000E+003 7.964631348E+002
 1.215000000E+003 7.963426514E+002
 1.216000000E+003 7.962208862E+002
 1.217000000E+003 7.960976563E+002
 1.218000000E+003 7.959731445E+002
 1.219000000E+003 7.958472290E+002
 1.220000000E+003 7.957199097E+002
 1.221000000E+003 7.955912476E+002
 1.222000000E+003 7.954612427E+002
 1.223000000E+003 7.953298340E+002
 1.224000000E+003 7.951970825E+002
 1.225000000E+003 7.950629883E+002
 1.226000000E+003 7.949274902E+002
 1.227000000E+003 7.947906494E+002
 1.228000000E+003 7.946524048E+002
 1.229000000E+003 7.945128174E+002
 1.230000000E+003 7.943718872E+002
 1.231000000E+003 7.942295532E+002
 1.232000000E+003 7.940858765E+002
 1.233000000E+003 7.939407959E+002
 1.234000000E+003 7.937943726E+002
 1.235000000E+003 7.936466064E+002
 1.236000000E+003 7.934974365E+002
 1.237000000E+003 7.933469238E+002
 1.238000000E+003 7.931950073E+002
 1.239000000E+003 7.930417480E+002
 1.240000000E+003 7.928870850E+002
 1.241000000E+003 7.927310791E+002
 1.242000000E+003 7.925737305E+002
 1.243000000E+003 7.924150391E+002
 1.244000000E+003 7.922549438E+002
 1.245000000E+003 7.920934448E+002
 1.246000000E+003 7.919306030E+002
 1.247000000E+003 7.917664185E+002
 1.248000000E+003 7.916008301E+002
 1.249000000E+003 7.914338989E+002
 1.250000000E+003 7.912656250E+002
 1.251000000E+003 7.910959473E+002
 1.252000000E+003 7.909249268E+002
 1.253000000E+003 7.907525024E+002
 1.254000000E+003 7.905787354E+002
 1.255000000E+003 7.904036255E+002
 1.256000000E+003 7.902271118E+002
 1.257000000E+003 7.900492554E+002
 1.258000000E+003 7.898699951E+002
 1.259000000E+003 7.896893921E+002
 1.260000000E+003 7.895074463E+002
 1.261000000E+003 7.893240967E+002
 1.262000000E+003 7.891394043E+002
 1.263000000E+003 7.889533081E+002
 1.264000000E+003 7.887658691E+002
 1.265000000E+003 7.885770264E+002
 1.266000000E+003 7.883869019E+002
 1.267000000E+003 7.881953125E+002
 1.268000000E+003 7.880024414E+002
 1.269000000E+003 7.878081665E+002
 1.270000000E+003 7.876124878E+002
 1.271000000E+003 7.874154663E+002
 1.272000000E+003 7.872171021E+002
 1.273000000E+003 7.870173340E+002
 1.274000000E+003 7.868162231E+002
 1.275000000E+003 7.866137695E+002
 1.276000000E+003 7.864099121E+002
 1.277000000E+003 7.862047119E+002
 1.278000000E+003 7.859981079E+002
 1.279000000E+003 7.857901611E+002
 1.280000000E+003 7.855808716E+002
 1.281000000E+003 7.853701782E+002
 1.282000000E+003 7.851581421E+002
 1.283000000E+003 7.849447021E+002
 1.284000000E+003 7.847299194E+002
 1.285000000E+003 7.845137939E+002
 1.286000000E+003 7.842962646E+002
 1.287000000E+003 7.840773315E+002
 1.288000000E+003 7.838571167E+002
 1.289000000E+003 7.836354980E+002
 1.290000000E+003 7.834124756E+002
 1.291000000E+003 7.831881714E+002
 1.292000000E+003 7.829624023E+002
 1.293000000E+003 7.827353516E+002
 1.294000000E+003 7.825068970E+002
 1.295000000E+003 7.822770386E+002
 1.296000000E+003 7.820458374E+002
 1.297000000E+003 7.818132935E+002
 1.298000000E+003 7.815794067E+002
 1.299000000E+003 7.813440552E+002
 1.300000000E+003 7.811074219E+002
 1.301000000E+003 7.808693848E+002
 1.302000000E+003 7.806300049E+002
 1.303000000E+003 7.803892212E+002
 1.304000000E+003 7.801470947E+002
 1.305000000E+003 7.799036255E+002
 1.306000000E+003 7.796587524E+002
 1.307000000E+003 7.794125366E+002
 1.308000000E+003 7.791649170E+002
 1.309000000E+003 7.789159546E+002
 1.310000000E+003 7.786656494E+002
 1.311000000E+003 7.784139404E+002
 1.312000000E+003 7.781608887E+002
 1.313000000E+003 7.779064331E+002
 1.314000000E+003 7.776506348E+002
 1.315000000E+003 7.773934326E+002
 1.316000000E+003 7.771349487E+002
 1.317000000E+003 7.768750000E+002
 1.318000000E+003 7.766137695E+002
 1.319000000E+003 7.763511353E+002
 1.320000000E+003 7.760870972E+002
 1.321000000E+003 7.758217163E+002
 1.322000000E+003 7.755549927E+002
 1.323000000E+003 7.752869263E+002
 1.324000000E+003 7.750173950E+002
 1.325000000E+003 7.747465820E+002
 1.326000000E+003 7.744743652E+002
 1.327000000E+003 7.742008057E+002
 1.328000000E+003 7.739258423E+002
 1.329000000E+003 7.736495361E+002
 1.330000000E+003 7.733718872E+002
 1.331000000E+003 7.730928345E+002
 1.332000000E+003 7.728124390E+002
 1.333000000E+003 7.725306396E+002
 1.334000000E+003 7.722474976E+002
 1.335000000E+003 7.719630127E+002
 1.336000000E+003 7.716771240E+002
 1.337000000E+003 7.713898315E+002
 1.338000000E+003 7.711012573E+002
 1.339000000E+003 7.708112793E+002
 1.340000000E+003 7.705198975E+002
 1.341000000E+003 7.702272339E+002
 1.342000000E+003 7.699331055E+002
 1.343000000E+003 7.696376953E+002
 1.344000000E+003 7.693408813E+002
 1.345000000E+003 7.690426636E+002
 1.346000000E+003 7.687431030E+002
 1.347000000E+003 7.684421997E+002
 1.348000000E+003 7.681398926E+002
 1.349000000E+003 7.678362427E+002
 1.350000000E+003 7.675312500E+002
 1.351000000E+003 7.672248535E+002
 1.352000000E+003 7.669171143E+002
 1.353000000E+003 7.666079712E+002
 1.354000000E+003 7.662974854E+002
 1.355000000E+003 7.659856567E+002
 1.356000000E+003 7.656724243E+002
 1.357000000E+003 7.653578491E+002
 1.358000000E+003 7.650418701E+002
 1.359000000E+003 7.647245483E+002
 1.360000000E+003 7.644058838E+002
 1.361000000E+003 7.640858154E+002
 1.362000000E+003 7.637644043E+002
 1.363000000E+003 7.634415894E+002
 1.364000000E+003 7.631174316E+002
 1.365000000E+003 7.627918701E+002
 1.366000000E+003 7.624650269E+002
 1.367000000E+003 7.621367188E+002
 1.368000000E+003 7.618071289E+002
 1.369000000E+003 7.614761353E+002
 1.370000000E+003 7.611437378E+002
 1.371000000E+003 7.608099976E+002
 1.372000000E+003 7.604749146E+002
 1.373000000E+003 7.601384888E+002
 1.374000000E+003 7.598006592E+002
 1.375000000E+003 7.594614258E+002
 1.376000000E+003 7.591208496E+002
 1.377000000E+003 7.587789307E+002
 1.378000000E+003 7.584356079E+002
 1.379000000E+003 7.580909424E+002
 1.380000000E+003 7.577449341E+002
 1.381000000E+003 7.573975220E+002
 1.382000000E+003 7.570487671E+002
 1.383000000E+003 7.566986084E+002
 1.384000000E+003 7.563471069E+002
 1.385000000E+003 7.559942627E+002
 1.386000000E+003 7.556400146E+002
 1.387000000E+003 7.552844238E+002
 1.388000000E+003 7.549274292E+002
 1.389000000E+003 7.545690918E+002
 1.390000000E+003 7.542093506E+002
 1.391000000E+003 7.538483276E+002
 1.392000000E+003 7.534858398E+002
 1.393000000E+003 7.531220703E+002
 1.394000000E+003 7.527568970E+002
 1.395000000E+003 7.523903198E+002
 1.396000000E+003 7.520223999E+002
 1.397000000E+003 7.516531372E+002
 1.398000000E+003 7.512824707E+002
 1.399000000E+003 7.509104614E+002
 1.400000000E+003 7.505371094E+002
 1.401000000E+003 7.501623535E+002
 1.402000000E+003 7.497862549E+002
 1.403000000E+003 7.494087524E+002
 1.404000000E+003 7.490299072E+002
 1.405000000E+003 7.486497192E+002
 1.406000000E+003 7.482681274E+002
 1.407000000E+003 7.478851929E+002
 1.408000000E+003 7.475008545E+002
 1.409000000E+003 7.471151733E+002
 1.410000000E+003 7.467281494E+002
 1.411000000E+003 7.463397217E+002
 1.412000000E+003 7.459498901E+002
 1.413000000E+003 7.455587769E+002
 1.414000000E+003 7.451662598E+002
 1.415000000E+003 7.447723389E+002
 1.416000000E+003 7.443771362E+002
 1.417000000E+003 7.439804688E+002
 1.418000000E+003 7.435825195E+002
 1.419000000E+003 7.431831665E+002
 1.420000000E+003 7.427824097E+002
 1.421000000E+003 7.423803101E+002
 1.422000000E+003 7.419768677E+002
 1.423000000E+003 7.415720215E+002
 1.424000000E+003 7.411658325E+002
 1.425000000E+003 7.407583008E+002
 1.426000000E+003 7.403493652E+002
 1.427000000E+003 7.399390869E+002
 1.428000000E+003 7.395274048E+002
 1.429000000E+003 7.391143799E+002
 1.430000000E+003 7.387000122E+002
 1.431000000E+003 7.382842407E+002
 1.432000000E+003 7.378671265E+002
 1.433000000E+003 7.374486084E+002
 1.434000000E+003 7.370287476E+002
 1.435000000E+003 7.366075439E+002
 1.436000000E+003 7.361849365E+002
 1.437000000E+003 7.357609863E+002
 1.438000000E+003 7.353356323E+002
 1.439000000E+003 7.349089355E+002
 1.440000000E+003 7.344808350E+002
 1.441000000E+003 7.340514526E+002
 1.442000000E+003 7.336206055E+002
 1.443000000E+003 7.331884766E+002
 1.444000000E+003 7.327549438E+002
 1.445000000E+003 7.323200073E+002
 1.446000000E+003 7.318837280E+002
 1.447000000E+003 7.314461060E+002
 1.448000000E+003 7.310070801E+002
 1.449000000E+003 7.305667114E+002
 1.450000000E+003 7.301250000E+002
 1.451000000E+003 7.296818848E+002
 1.452000000E+003 7.292374268E+002
 1.453000000E+003 7.287915649E+002
 1.454000000E+003 7.283443604E+002
 1.455000000E+003 7.278958130E+002
 1.456000000E+003 7.274458618E+002
 1.457000000E+003 7.269945679E+002
 1.458000000E+003 7.265418701E+002
 1.459000000E+003 7.260878296E+002
 1.460000000E+003 7.256324463E+002
 1.461000000E+003 7.251756592E+002
 1.462000000E+003 7.247175293E+002
 1.463000000E+003 7.242579956E+002
 1.464000000E+003 7.237971191E+002
 1.465000000E+003 7.233348389E+002
 1.466000000E+003 7.228712769E+002
 1.467000000E+003 7.224062500E+002
 1.468000000E+003 7.219399414E+002
 1.469000000E+003 7.214722290E+002
 1.470000000E+003 7.210031128E+002
 1.471000000E+003 7.205326538E+002
 1.472000000E+003 7.200608521E+002
 1.473000000E+003 7.195877075E+002
 1.474000000E+003 7.191131592E+002
 1.475000000E+003 7.186372070E+002
 1.476000000E+003 7.181599121E+002
 1.477000000E+003 7.176812744E+002
 1.478000000E+003 7.172012329E+002
 1.479000000E+003 7.167198486E+002
 1.480000000E+003 7.162371216E+002
 1.481000000E+003 7.157529907E+002
 1.482000000E+003 7.152675171E+002
 1.483000000E+003 7.147806396E+002
 1.484000000E+003 7.142924194E+002
 1.485000000E+003 7.138028564E+002
 1.486000000E+003 7.133118896E+002
 1.487000000E+003 7.128195190E+002
 1.488000000E+003 7.123258667E+002
 1.489000000E+003 7.118308105E+002
 1.490000000E+003 7.113343506E+002
 1.491000000E+003 7.108366089E+002
 1.492000000E+003 7.103374023E+002
 1.493000000E+003 7.098369141E+002
 1.494000000E+003 7.093350220E+002
 1.495000000E+003 7.088317261E+002
 1.496000000E+003 7.083270874E+002
 1.497000000E+003 7.078211060E+002
 1.498000000E+003 7.073137207E+002
 1.499000000E+003 7.068049927E+002
 1.500000000E+003 7.062949219E+002
 1.501000000E+003 7.057834473E+002
 1.502000000E+003 7.052706299E+002
 1.503000000E+003 7.047564087E+002
 1.504000000E+003 7.042408447E+002
 1.505000000E+003 7.037239380E+002
 1.506000000E+003 7.032056274E+002
 1.507000000E+003 7.026859741E+002
 1.508000000E+003 7.021649170E+002
 1.509000000E+003 7.016425171E+002
 1.510000000E+003 7.011187744E+002
 1.511000000E+003 7.005936279E+002
 1.512000000E+003 7.000671387E+002
 1.513000000E+003 6.995392456E+002
 1.514000000E+003 6.990100098E+002
 1.515000000E+003 6.984793701E+002
 1.516000000E+003 6.979474487E+002
 1.517000000E+003 6.974140625E+002
 1.518000000E+003 6.968793945E+002
 1.519000000E+003 6.963433228E+002
 1.520000000E+003 6.958058472E+002
 1.521000000E+003 6.952670288E+002
 1.522000000E+003 6.947268677E+002
 1.523000000E+003 6.941853027E+002
 1.524000000E+003 6.936423950E+002
 1.525000000E+003 6.930981445E+002
 1.526000000E+003 6.925524902E+002
 1.527000000E+003 6.920054932E+002
 1.528000000E+003 6.914570923E+002
 1.529000000E+003 6.909073486E+002
 1.530000000E+003 6.903562622E+002
 1.531000000E+003 6.898037720E+002
 1.532000000E+003 6.892499390E+002
 1.533000000E+003 6.886947021E+002
 1.534000000E+003 6.881381226E+002
 1.535000000E+003 6.875802002E+002
 1.536000000E+003 6.870208740E+002
 1.537000000E+003 6.864602051E+002
 1.538000000E+003 6.858981323E+002
 1.539000000E+003 6.853347168E+002
 1.540000000E+003 6.847698975E+002
 1.541000000E+003 6.842037964E+002
 1.542000000E+003 6.836362305E+002
 1.543000000E+003 6.830673828E+002
 1.544000000E+003 6.824971313E+002
 1.545000000E+003 6.819254761E+002
 1.546000000E+003 6.813524780E+002
 1.547000000E+003 6.807781372E+002
 1.548000000E+003 6.802023926E+002
 1.549000000E+003 6.796253052E+002
 1.550000000E+003 6.790468750E+002
 1.551000000E+003 6.784670410E+002
 1.552000000E+003 6.778858643E+002
 1.553000000E+003 6.773032837E+002
 1.554000000E+003 6.767193604E+002
 1.555000000E+003 6.761340942E+002
 1.556000000E+003 6.755474243E+002
 1.557000000E+003 6.749594116E+002
 1.558000000E+003 6.743699951E+002
 1.559000000E+003 6.737792358E+002
 1.560000000E+003 6.731871338E+002
 1.561000000E+003 6.725936279E+002
 1.562000000E+003 6.719987793E+002
 1.563000000E+003 6.714025269E+002
 1.564000000E+003 6.708049316E+002
 1.565000000E+003 6.702059326E+002
 1.566000000E+003 6.696056519E+002
 1.567000000E+003 6.690039063E+002
 1.568000000E+003 6.684008789E+002
 1.569000000E+003 6.677964478E+002
 1.570000000E+003 6.671906128E+002
 1.571000000E+003 6.665834351E+002
 1.572000000E+003 6.659749146E+002
 1.573000000E+003 6.653649902E+002
 1.574000000E+003 6.647537231E+002
 1.575000000E+003 6.641411133E+002
 1.576000000E+003 6.635270996E+002
 1.577000000E+003 6.629117432E+002
 1.578000000E+003 6.622949829E+002
 1.579000000E+003 6.616768799E+002
 1.580000000E+003 6.610574341E+002
 1.581000000E+003 6.604365845E+002
 1.582000000E+003 6.598143921E+002
 1.583000000E+003 6.591907959E+002
 1.584000000E+003 6.585658569E+002
 1.585000000E+003 6.579395752E+002
 1.586000000E+003 6.573118896E+002
 1.587000000E+003 6.566828003E+002
 1.588000000E+003 6.560524292E+002
 1.589000000E+003 6.554206543E+002
 1.590000000E+003 6.547874756E+002
 1.591000000E+003 6.541530151E+002
 1.592000000E+003 6.535170898E+002
 1.593000000E+003 6.528798828E+002
 1.594000000E+003 6.522412720E+002
 1.595000000E+003 6.516012573E+002
 1.596000000E+003 6.509598999E+002
 1.597000000E+003 6.503171997E+002
 1.598000000E+003 6.496731567E+002
 1.599000000E+003 6.490276489E+002
 1.600000000E+003 6.483808594E+002
 1.601000000E+003 6.477326660E+002
 1.602000000E+003 6.470831299E+002
 1.603000000E+003 6.464321899E+002
 1.604000000E+003 6.457799072E+002
 1.605000000E+003 6.451262817E+002
 1.606000000E+003 6.444712524E+002
 1.607000000E+003 6.438148804E+002
 1.608000000E+003 6.431571045E+002
 1.609000000E+003 6.424979858E+002
 1.610000000E+003 6.418375244E+002
 1.611000000E+003 6.411756592E+002
 1.612000000E+003 6.405123901E+002
 1.613000000E+003 6.398478394E+002
 1.614000000E+003 6.391818848E+002
 1.615000000E+003 6.385145264E+002
 1.616000000E+003 6.378458862E+002
 1.617000000E+003 6.371757813E+002
 1.618000000E+003 6.365043945E+002
 1.619000000E+003 6.358316040E+002
 1.620000000E+003 6.351574097E+002
 1.621000000E+003 6.344818726E+002
 1.622000000E+003 6.338049927E+002
 1.623000000E+003 6.331267090E+002
 1.624000000E+003 6.324470825E+002
 1.625000000E+003 6.317661133E+002
 1.626000000E+003 6.310837402E+002
 1.627000000E+003 6.304000244E+002
 1.628000000E+003 6.297149048E+002
 1.629000000E+003 6.290284424E+002
 1.630000000E+003 6.283406372E+002
 1.631000000E+003 6.276514282E+002
 1.632000000E+003 6.269608765E+002
 1.633000000E+003 6.262689209E+002
 1.634000000E+003 6.255756226E+002
 1.635000000E+003 6.248809814E+002
 1.636000000E+003 6.241849365E+002
 1.637000000E+003 6.234875488E+002
 1.638000000E+003 6.227887573E+002
 1.639000000E+003 6.220886230E+002
 1.640000000E+003 6.213870850E+002
 1.641000000E+003 6.206842651E+002
 1.642000000E+003 6.199799805E+002
 1.643000000E+003 6.192744141E+002
 1.644000000E+003 6.185674438E+002
 1.645000000E+003 6.178590698E+002
 1.646000000E+003 6.171493530E+002
 1.647000000E+003 6.164382935E+002
 1.648000000E+003 6.157258301E+002
 1.649000000E+003 6.150120239E+002
 1.650000000E+003 6.142968750E+002
 1.651000000E+003 6.135803223E+002
 1.652000000E+003 6.128624268E+002
 1.653000000E+003 6.121431274E+002
 1.654000000E+003 6.114224854E+002
 1.655000000E+003 6.107005005E+002
 1.656000000E+003 6.099771118E+002
 1.657000000E+003 6.092523804E+002
 1.658000000E+003 6.085262451E+002
 1.659000000E+003 6.077987671E+002
 1.660000000E+003 6.070699463E+002
 1.661000000E+003 6.063397217E+002
 1.662000000E+003 6.056081543E+002
 1.663000000E+003 6.048751831E+002
 1.664000000E+003 6.041408691E+002
 1.665000000E+003 6.034051514E+002
 1.666000000E+003 6.026681519E+002
 1.667000000E+003 6.019296875E+002
 1.668000000E+003 6.011899414E+002
 1.669000000E+003 6.004487915E+002
 1.670000000E+003 5.997062378E+002
 1.671000000E+003 5.989623413E+002
 1.672000000E+003 5.982171021E+002
 1.673000000E+003 5.974704590E+002
 1.674000000E+003 5.967224731E+002
 1.675000000E+003 5.959731445E+002
 1.676000000E+003 5.952224121E+002
 1.677000000E+003 5.944703369E+002
 1.678000000E+003 5.937168579E+002
 1.679000000E+003 5.929620361E+002
 1.680000000E+003 5.922058716E+002
 1.681000000E+003 5.914483032E+002
 1.682000000E+003 5.906893921E+002
 1.683000000E+003 5.899290771E+002
 1.684000000E+003 5.891674194E+002
 1.685000000E+003 5.884044189E+002
 1.686000000E+003 5.876400146E+002
 1.687000000E+003 5.868742676E+002
 1.688000000E+003 5.861071167E+002
 1.689000000E+003 5.853386230E+002
 1.690000000E+003 5.845687256E+002
 1.691000000E+003 5.837975464E+002
 1.692000000E+003 5.830249023E+002
 1.693000000E+003 5.822509766E+002
 1.694000000E+003 5.814756470E+002
 1.695000000E+003 5.806989136E+002
 1.696000000E+003 5.799208374E+002
 1.697000000E+003 5.791414185E+002
 1.698000000E+003 5.783606567E+002
 1.699000000E+003 5.775784302E+002
 1.700000000E+003 5.767949219E+002
 1.701000000E+003 5.760100098E+002
 1.702000000E+003 5.752237549E+002
 1.703000000E+003 5.744360962E+002
 1.704000000E+003 5.736470947E+002
 1.705000000E+003 5.728567505E+002
 1.706000000E+003 5.720650024E+002
 1.707000000E+003 5.712719116E+002
 1.708000000E+003 5.704774170E+002
 1.709000000E+003 5.696815796E+002
 1.710000000E+003 5.688843994E+002
 1.711000000E+003 5.680858154E+002
 1.712000000E+003 5.672858887E+002
 1.713000000E+003 5.664845581E+002
 1.714000000E+003 5.656818848E+002
 1.715000000E+003 5.648778076E+002
 1.716000000E+003 5.640724487E+002
 1.717000000E+003 5.632656250E+002
 1.718000000E+003 5.624575195E+002
 1.719000000E+003 5.616480103E+002
 1.720000000E+003 5.608370972E+002
 1.721000000E+003 5.600248413E+002
 1.722000000E+003 5.592112427E+002
 1.723000000E+003 5.583962402E+002
 1.724000000E+003 5.575798950E+002
 1.725000000E+003 5.567622070E+002
 1.726000000E+003 5.559431152E+002
 1.727000000E+003 5.551226807E+002
 1.728000000E+003 5.543008423E+002
 1.729000000E+003 5.534776611E+002
 1.730000000E+003 5.526531372E+002
 1.731000000E+003 5.518272095E+002
 1.732000000E+003 5.509999390E+002
 1.733000000E+003 5.501712646E+002
 1.734000000E+003 5.493412476E+002
 1.735000000E+003 5.485098877E+002
 1.736000000E+003 5.476771240E+002
 1.737000000E+003 5.468430176E+002
 1.738000000E+003 5.460075073E+002
 1.739000000E+003 5.451706543E+002
 1.740000000E+003 5.443323975E+002
 1.741000000E+003 5.434928589E+002
 1.742000000E+003 5.426518555E+002
 1.743000000E+003 5.418095703E+002
 1.744000000E+003 5.409658813E+002
 1.745000000E+003 5.401207886E+002
 1.746000000E+003 5.392743530E+002
 1.747000000E+003 5.384265747E+002
 1.748000000E+003 5.375773926E+002
 1.749000000E+003 5.367269287E+002
 1.750000000E+003 5.358750000E+002
 1.751000000E+003 5.350217285E+002
 1.752000000E+003 5.341671143E+002
 1.753000000E+003 5.333110962E+002
 1.754000000E+003 5.324537354E+002
 1.755000000E+003 5.315950317E+002
 1.756000000E+003 5.307349243E+002
 1.757000000E+003 5.298734741E+002
 1.758000000E+003 5.290106201E+002
 1.759000000E+003 5.281464233E+002
 1.760000000E+003 5.272808838E+002
 1.761000000E+003 5.264139404E+002
 1.762000000E+003 5.255456543E+002
 1.763000000E+003 5.246759644E+002
 1.764000000E+003 5.238049316E+002
 1.765000000E+003 5.229324951E+002
 1.766000000E+003 5.220587769E+002
 1.767000000E+003 5.211835938E+002
 1.768000000E+003 5.203071289E+002
 1.769000000E+003 5.194292603E+002
 1.770000000E+003 5.185499878E+002
 1.771000000E+003 5.176693726E+002
 1.772000000E+003 5.167874146E+002
 1.773000000E+003 5.159040527E+002
 1.774000000E+003 5.150194092E+002
 1.775000000E+003 5.141333008E+002
 1.776000000E+003 5.132458496E+002
 1.777000000E+003 5.123570557E+002
 1.778000000E+003 5.114668579E+002
 1.779000000E+003 5.105753174E+002
 1.780000000E+003 5.096824341E+002
 1.781000000E+003 5.087881470E+002
 1.782000000E+003 5.078925171E+002
 1.783000000E+003 5.069954834E+002
 1.784000000E+003 5.060971069E+002
 1.785000000E+003 5.051973877E+002
 1.786000000E+003 5.042962646E+002
 1.787000000E+003 5.033937988E+002
 1.788000000E+003 5.024899292E+002
 1.789000000E+003 5.015847168E+002
 1.790000000E+003 5.006781006E+002
 1.791000000E+003 4.997702026E+002
 1.792000000E+003 4.988608398E+002
 1.793000000E+003 4.979501953E+002
 1.794000000E+003 4.970381470E+002
 1.795000000E+003 4.961246948E+002
 1.796000000E+003 4.952098999E+002
 1.797000000E+003 4.942937622E+002
 1.798000000E+003 4.933762207E+002
 1.799000000E+003 4.924573364E+002
 1.800000000E+003 4.915371094E+002
 1.801000000E+003 4.906154785E+002
 1.802000000E+003 4.896925049E+002
 1.803000000E+003 4.887681274E+002
 1.804000000E+003 4.878424072E+002
 1.805000000E+003 4.869153442E+002
 1.806000000E+003 4.859868774E+002
 1.807000000E+003 4.850570679E+002
 1.808000000E+003 4.841258545E+002
 1.809000000E+003 4.831932983E+002
 1.810000000E+003 4.822593994E+002
 1.811000000E+003 4.813240967E+002
 1.812000000E+003 4.803873901E+002
 1.813000000E+003 4.794494019E+002
 1.814000000E+003 4.785100098E+002
 1.815000000E+003 4.775692139E+002
 1.816000000E+003 4.766271362E+002
 1.817000000E+003 4.756835938E+002
 1.818000000E+003 4.747387695E+002
 1.819000000E+003 4.737925415E+002
 1.820000000E+003 4.728449097E+002
 1.821000000E+003 4.718959351E+002
 1.822000000E+003 4.709456177E+002
 1.823000000E+003 4.699939575E+002
 1.824000000E+003 4.690408325E+002
 1.825000000E+003 4.680864258E+002
 1.826000000E+003 4.671306152E+002
 1.827000000E+003 4.661734619E+002
 1.828000000E+003 4.652149048E+002
 1.829000000E+003 4.642550049E+002
 1.830000000E+003 4.632937622E+002
 1.831000000E+003 4.623311157E+002
 1.832000000E+003 4.613671265E+002
 1.833000000E+003 4.604017334E+002
 1.834000000E+003 4.594349976E+002
 1.835000000E+003 4.584669189E+002
 1.836000000E+003 4.574974365E+002
 1.837000000E+003 4.565265503E+002
 1.838000000E+003 4.555543823E+002
 1.839000000E+003 4.545808105E+002
 1.840000000E+003 4.536058350E+002
 1.841000000E+003 4.526295776E+002
 1.842000000E+003 4.516518555E+002
 1.843000000E+003 4.506728516E+002
 1.844000000E+003 4.496924438E+002
 1.845000000E+003 4.487106323E+002
 1.846000000E+003 4.477274780E+002
 1.847000000E+003 4.467429810E+002
 1.848000000E+003 4.457571106E+002
 1.849000000E+003 4.447698669E+002
 1.850000000E+003 4.437812500E+002
 1.851000000E+003 4.427912598E+002
 1.852000000E+003 4.417999268E+002
 1.853000000E+003 4.408072205E+002
 1.854000000E+003 4.398131409E+002
 1.855000000E+003 4.388176880E+002
 1.856000000E+003 4.378208618E+002
 1.857000000E+003 4.368226929E+002
 1.858000000E+003 4.358231201E+002
 1.859000000E+003 4.348222046E+002
 1.860000000E+003 4.338199158E+002
 1.861000000E+003 4.328162842E+002
 1.862000000E+003 4.318112488E+002
 1.863000000E+003 4.308048706E+002
 1.864000000E+003 4.297971191E+002
 1.865000000E+003 4.287879944E+002
 1.866000000E+003 4.277774963E+002
 1.867000000E+003 4.267656555E+002
 1.868000000E+003 4.257524109E+002
 1.869000000E+003 4.247378235E+002
 1.870000000E+003 4.237218933E+002
 1.871000000E+003 4.227045593E+002
 1.872000000E+003 4.216858521E+002
 1.873000000E+003 4.206658020E+002
 1.874000000E+003 4.196443787E+002
 1.875000000E+003 4.186215820E+002
 1.876000000E+003 4.175974121E+002
 1.877000000E+003 4.165718994E+002
 1.878000000E+003 4.155450134E+002
 1.879000000E+003 4.145167542E+002
 1.880000000E+003 4.134871216E+002
 1.881000000E+003 4.124561157E+002
 1.882000000E+003 4.114237366E+002
 1.883000000E+003 4.103900146E+002
 1.884000000E+003 4.093549194E+002
 1.885000000E+003 4.083184509E+002
 1.886000000E+003 4.072806396E+002
 1.887000000E+003 4.062414246E+002
 1.888000000E+003 4.052008667E+002
 1.889000000E+003 4.041589355E+002
 1.890000000E+003 4.031156311E+002
 1.891000000E+003 4.020709534E+002
 1.892000000E+003 4.010249329E+002
 1.893000000E+003 3.999775085E+002
 1.894000000E+003 3.989287415E+002
 1.895000000E+003 3.978786011E+002
 1.896000000E+003 3.968271179E+002
 1.897000000E+003 3.957742310E+002
 1.898000000E+003 3.947200012E+002
 1.899000000E+003 3.936643982E+002
 1.900000000E+003 3.926074219E+002
